[[ 27   0   1   0   1   1   0   1   1   0   0   0   0   0   0   0   0   0
    0   0   0   0   0   0   1   0   1   0   0]
 [  0 150   0   1   1   1   1   0   1   0   2   1   0   0   1   0   0   0
    0   0   0   0   0   2   1   5   2   2   0]
 [  0   1  56   0   0   1   3   0   1   3   0   0   0   1   1   2   0   0
    0   0   0   0   0   0   0   0   1   0   0]
 [  0   1   0   4   1   3   0   0   0   0   0   0   0   0   1   0   0   0
    0   0   0   1   0   1   0   0   1   0   0]
 [  0   0   0   1   3   0   0   0   1   0   0   0   0   0   0   4   0   0
    0   0   0   0   0   0   1   0   0   0   0]
 [  0   1   0   1   0  17   0   0   0   0   0   0   0   0   0   5   0   0
    0   0   0   1   0   0   0   0   0   3   1]
 [  0   1   2   0   0   1  23   0   0   2   0   0   1   0   2   5   0   0
    0   0   0   1   0   0   0   1   0   0   0]
 [  0   2   0   1   1   0   0   1   2   0   1   0   0   0   0   2   0   0
    0   0   0   0   0   0   1   0   0   0   0]
 [  0   0   0   0   1   1   0   1   9   1   0   0   0   0   1   0   0   0
    0   0   0   0   0   0   3   0   0   1   1]
 [  0   1   2   0   0   0   7   0   0  24   0   0   1   0   1   0   0   1
    0   0   0   0   0   0   0   0   0   0   0]
 [  0   7   0   0   0   0   2   0   0   0  17   0   0   0   0   1   1   0
    0   0   0   0   0   0   0   3   3   1   0]
 [  0   0   0   0   0   0   0   0   0   0   0   4   0   0   0   0   0   0
    0   0   0   0   0   0   0   0   0   0   0]
 [  0   2   0   0   0   0   0   0   0   0   0   0  11   0   1   1   0   0
    0   0   0   0   0   0   0   0   0   0   0]
 [  0   0   0   0   0   0   0   0   1   0   0   0   0   4   1   0   0   0
    0   0   0   0   0   0   0   0   0   0   0]
 [  0   2   4   0   1   0   0   0   0   2   0   0   0   0 101   0   0   0
    0   0   0   0   0   2   6   0   0   0   1]
 [  0   7   2   0   0   4   0   0   0   0   3   0   0   0   0 118   1   0
    1   0   1   1   0   0   0   3   3   2   0]
 [  0   2   0   0   0   0   0   0   0   0   2   0   0   0   0   0   9   0
    0   0   0   0   0   0   2   0   0   0   0]
 [  0   0   0   0   0   0   0   0   0   0   0   0   0   0   0   0   0   6
    0   0   0   0   0   0   0   0   0   0   0]
 [  0   1   0   0   0   0   0   0   0   0   1   0   0   0   0   2   0   0
    0   0   0   0   0   0   0   1   0   0   0]
 [  0   0   0   0   0   0   0   0   1   0   0   0   0   0   0   1   0   0
    0   2   0   1   0   0   0   0   0   0   0]
 [  0   1   0   0   0   0   0   0   0   0   1   0   0   0   1   0   0   0
    0   0   0   0   0   0   0   1   0   0   0]
 [  0   2   0   1   0   3   0   1   0   0   0   0   0   0   1   1   0   0
    0   0   0  15   0   4   0   0   0   1   0]
 [  0   1   0   0   0   0   0   0   1   0   0   0   0   0   0   0   0   0
    0   0   0   0   5   0   0   0   0   1   0]
 [  0   1   0   0   0   0   0   0   0   0   0   0   0   0   2   1   0   0
    0   0   1   3   1   9   2   0   0   1   0]
 [  0   3   0   0   0   0   0   1   2   1   0   0   0   0   2   1   0   0
    0   1   0   0   0   1  20   4   0   0   3]
 [  0   3   0   3   1   0   0   0   1   0   1   0   0   0   0   2   0   0
    0   0   0   0   0   0   0 202   2   9   1]
 [  0   1   1   0   0   0   0   0   0   0   2   0   0   0   0   1   0   0
    0   0   0   1   0   0   3   2  17  13   1]
 [  0   1   0   0   0   1   1   0   0   0   1   0   0   0   0   1   0   0
    0   0   0   0   0   1   0   7   8  53   1]
 [  0   1   0   0   0   0   1   0   0   0   0   0   0   0   0   0   0   0
    0   0   0   0   0   0   1   1   0   2   6]]